1,0,1838.329,586.007,81.169,171.751,0.999,-1,-1,-1
1,1,847.599,560.466,146.895,47.688,0.290,-1,-1,-1
1,2,1519.130,554.688,43.578,88.919,0.022,-1,-1,-1
1,3,1477.314,554.313,97.475,44.114,0.014,-1,-1,-1
1,4,1837.425,597.217,76.276,56.642,0.011,-1,-1,-1
2,4,1725.030,705.964,193.176,256.650,0.972,-1,-1,-1
2,0,1735.738,580.690,93.518,161.562,0.949,-1,-1,-1
2,5,1741.642,721.291,176.478,139.795,0.088,-1,-1,-1
3,2,1745.032,561.710,39.929,46.681,0.082,-1,-1,-1
3,1,1635.771,562.845,139.392,48.924,0.065,-1,-1,-1
3,0,1903.188,589.870,16.663,100.300,0.016,-1,-1,-1
4,0,1530.761,609.268,28.826,55.286,0.738,-1,-1,-1
5,0,1792.906,638.546,42.067,98.083,0.998,-1,-1,-1
5,6,1782.830,693.641,61.504,48.692,0.056,-1,-1,-1
5,2,1708.101,564.346,27.561,48.999,0.034,-1,-1,-1
5,5,0.020,661.350,21.688,95.875,0.026,-1,-1,-1
6,0,1747.413,632.762,36.531,90.509,0.997,-1,-1,-1
6,7,575.953,579.692,59.577,43.123,0.845,-1,-1,-1
6,8,585.566,567.525,40.617,53.100,0.145,-1,-1,-1
6,6,1737.162,680.799,49.185,43.488,0.065,-1,-1,-1
6,2,1682.153,557.573,33.487,52.761,0.015,-1,-1,-1
7,3,1390.090,559.092,98.324,37.716,0.164,-1,-1,-1
7,0,1659.382,583.805,58.600,113.073,0.148,-1,-1,-1
7,1,1544.596,636.872,203.104,121.053,0.036,-1,-1,-1
7,2,1662.287,581.106,53.926,61.486,0.016,-1,-1,-1
7,9,1423.639,560.034,37.487,75.555,0.011,-1,-1,-1
8,7,454.332,573.713,56.136,36.703,0.954,-1,-1,-1
8,8,462.663,562.684,37.605,42.252,0.949,-1,-1,-1
8,3,1514.349,560.802,99.929,38.352,0.878,-1,-1,-1
8,0,1563.780,608.767,28.505,59.667,0.542,-1,-1,-1
9,4,1612.099,691.577,304.940,203.389,0.824,-1,-1,-1
9,2,1708.100,577.216,49.854,127.533,0.193,-1,-1,-1
9,3,1404.816,560.247,104.519,38.676,0.166,-1,-1,-1
9,8,364.757,558.446,31.988,36.051,0.080,-1,-1,-1
9,7,357.857,569.070,44.770,29.364,0.061,-1,-1,-1
9,0,1890.109,559.282,29.381,86.773,0.060,-1,-1,-1
10,7,473.040,574.909,58.690,36.872,0.982,-1,-1,-1
10,3,1549.733,565.015,92.994,39.443,0.135,-1,-1,-1
10,9,1493.717,562.697,36.086,69.017,0.039,-1,-1,-1
11,2,1847.247,638.190,45.321,105.684,0.999,-1,-1,-1
11,2,2.984,573.074,40.980,212.984,0.482,-1,-1,-1
11,6,1840.169,681.885,67.099,59.280,0.083,-1,-1,-1
12,2,1782.636,579.191,95.995,170.820,0.984,-1,-1,-1
12,5,1852.902,734.488,66.488,162.619,0.045,-1,-1,-1
12,9,909.142,560.115,45.458,44.739,0.034,-1,-1,-1
12,10,1849.229,731.283,70.771,166.790,0.027,-1,-1,-1
12,9,1446.340,565.710,32.610,79.173,0.017,-1,-1,-1
13,2,1627.533,617.494,35.174,78.234,0.996,-1,-1,-1
13,7,494.892,578.025,63.468,40.113,0.993,-1,-1,-1
13,8,509.225,565.519,45.100,51.663,0.874,-1,-1,-1
13,3,1579.997,564.456,78.602,38.278,0.162,-1,-1,-1
13,11,501.457,584.289,56.371,50.054,0.051,-1,-1,-1
13,12,1760.233,533.977,40.811,71.484,0.025,-1,-1,-1
13,13,1502.667,542.260,160.849,60.831,0.021,-1,-1,-1
14,2,1664.146,620.597,30.565,84.126,0.986,-1,-1,-1
14,7,528.297,564.630,40.789,46.900,0.969,-1,-1,-1
14,7,519.645,576.324,58.835,40.058,0.805,-1,-1,-1
14,3,1599.678,569.842,76.266,41.199,0.084,-1,-1,-1
14,3,1595.503,568.689,80.718,42.336,0.026,-1,-1,-1
14,1,1636.987,592.067,43.844,101.457,0.022,-1,-1,-1
14,10,1638.229,615.242,60.735,76.620,0.016,-1,-1,-1
14,6,1651.214,650.485,46.143,51.246,0.014,-1,-1,-1
15,2,1616.577,574.357,64.154,137.194,0.310,-1,-1,-1
15,3,1367.911,556.864,82.576,37.082,0.235,-1,-1,-1
15,0,1619.802,573.821,53.034,57.594,0.074,-1,-1,-1
15,4,1480.985,608.235,224.850,130.207,0.047,-1,-1,-1
15,7,341.216,557.401,35.337,35.742,0.030,-1,-1,-1
15,0,1888.926,546.859,30.767,91.605,0.015,-1,-1,-1
15,7,335.672,563.947,46.389,30.212,0.013,-1,-1,-1
16,2,1894.607,643.533,20.476,108.000,0.818,-1,-1,-1
16,9,1734.948,559.725,33.171,50.449,0.121,-1,-1,-1
16,12,1894.420,632.185,22.737,120.755,0.019,-1,-1,-1
16,8,1896.318,617.828,23.206,129.591,0.013,-1,-1,-1
16,5,1894.797,588.437,25.133,120.020,0.012,-1,-1,-1
17,2,1505.304,606.564,26.027,55.911,0.217,-1,-1,-1
17,3,1480.686,563.202,90.591,35.285,0.086,-1,-1,-1
17,13,1536.960,527.852,33.521,66.055,0.012,-1,-1,-1
17,0,1895.849,636.296,23.721,96.686,0.011,-1,-1,-1
18,7,549.398,578.094,56.703,43.850,0.997,-1,-1,-1
18,2,1701.352,627.329,31.322,82.839,0.983,-1,-1,-1
18,3,1558.924,567.115,127.807,42.840,0.624,-1,-1,-1
18,0,1706.658,634.837,34.288,96.755,0.126,-1,-1,-1
18,12,1885.946,497.237,33.934,91.088,0.099,-1,-1,-1
