1,0,1417.037,474.268,423.784,154.392,1.000,-1,-1,-1
1,1,786.483,538.765,208.184,104.170,0.999,-1,-1,-1
1,2,1608.057,572.020,47.212,109.206,0.999,-1,-1,-1
1,3,1346.520,556.035,27.303,66.784,0.947,-1,-1,-1
1,4,93.995,582.256,28.785,54.300,0.640,-1,-1,-1
1,5,1577.643,580.530,113.765,56.072,0.015,-1,-1,-1
2,0,1520.330,475.627,395.420,150.359,1.000,-1,-1,-1
2,1,1093.471,532.408,228.253,106.557,0.999,-1,-1,-1
2,2,1727.651,593.381,61.485,111.635,0.998,-1,-1,-1
2,4,1.231,594.051,40.028,50.773,0.903,-1,-1,-1
2,6,0.000,604.212,36.457,45.662,0.099,-1,-1,-1
2,7,2.580,596.383,32.349,46.540,0.022,-1,-1,-1
2,8,0.000,601.721,37.437,42.027,0.014,-1,-1,-1
3,0,1419.152,475.086,435.806,151.757,1.000,-1,-1,-1
3,1,829.077,538.140,215.058,103.162,0.999,-1,-1,-1
3,2,1631.442,586.792,42.417,96.944,0.998,-1,-1,-1
3,3,1344.954,558.083,31.960,60.797,0.859,-1,-1,-1
3,5,1575.266,585.605,141.370,42.347,0.286,-1,-1,-1
3,4,84.460,585.339,28.648,50.766,0.102,-1,-1,-1
3,9,1580.353,584.769,130.870,45.624,0.019,-1,-1,-1
4,0,1452.784,475.106,433.484,153.470,1.000,-1,-1,-1
4,1,921.283,537.466,217.865,104.365,0.999,-1,-1,-1
4,2,1662.095,582.948,37.468,104.036,0.997,-1,-1,-1
4,3,1352.111,557.288,26.068,64.331,0.893,-1,-1,-1
4,4,57.331,594.413,33.844,48.559,0.140,-1,-1,-1
5,1,1243.287,531.097,232.853,107.821,1.000,-1,-1,-1
5,0,1596.186,475.001,323.814,152.382,1.000,-1,-1,-1
5,2,1807.935,598.768,67.976,124.818,0.999,-1,-1,-1
5,3,1.153,548.865,28.384,50.515,0.937,-1,-1,-1
5,10,1810.141,600.230,55.444,109.562,0.017,-1,-1,-1
6,0,1415.823,473.798,423.015,154.424,1.000,-1,-1,-1
6,2,1594.824,573.051,50.789,106.669,0.999,-1,-1,-1
6,1,736.312,535.121,213.196,104.362,0.999,-1,-1,-1
6,4,1344.696,556.854,28.594,65.223,0.762,-1,-1,-1
6,4,106.321,579.175,29.142,55.331,0.655,-1,-1,-1
6,5,1534.783,571.985,163.081,52.051,0.056,-1,-1,-1
6,7,106.564,579.576,28.645,52.839,0.020,-1,-1,-1
7,0,1457.926,473.794,416.427,152.578,1.000,-1,-1,-1
7,1,878.322,538.505,214.484,101.358,1.000,-1,-1,-1
7,2,1641.176,577.389,48.607,106.919,0.999,-1,-1,-1
7,4,1348.047,558.589,26.566,58.054,0.336,-1,-1,-1
7,5,1584.519,571.449,171.007,50.309,0.039,-1,-1,-1
8,0,1465.904,475.962,442.205,149.442,1.000,-1,-1,-1
8,1,970.514,537.785,221.550,101.250,0.999,-1,-1,-1
8,2,1670.457,586.874,52.980,107.471,0.998,-1,-1,-1
8,4,1355.145,557.833,23.810,60.806,0.723,-1,-1,-1
8,5,1638.813,592.553,114.871,40.624,0.021,-1,-1,-1
9,1,1045.864,534.317,221.419,102.199,1.000,-1,-1,-1
9,0,1507.956,475.357,409.299,151.991,1.000,-1,-1,-1
9,2,1710.312,592.918,52.435,109.204,0.999,-1,-1,-1
9,4,14.535,584.950,37.580,54.638,0.919,-1,-1,-1
9,4,1352.272,557.255,25.628,61.224,0.340,-1,-1,-1
9,7,20.226,580.187,32.891,55.918,0.023,-1,-1,-1
9,10,1711.443,590.220,42.338,99.075,0.017,-1,-1,-1
10,0,1577.616,474.879,342.384,154.106,1.000,-1,-1,-1
10,1,1202.905,530.455,227.351,109.206,1.000,-1,-1,-1
10,2,1776.653,590.168,68.540,129.932,0.998,-1,-1,-1
10,4,1480.459,597.534,23.171,50.610,0.061,-1,-1,-1
10,5,1767.707,584.740,75.915,53.412,0.040,-1,-1,-1
10,10,1774.648,593.665,73.982,109.246,0.020,-1,-1,-1
10,3,0.679,545.978,16.801,57.148,0.018,-1,-1,-1
11,0,1503.185,474.250,412.917,153.434,1.000,-1,-1,-1
11,1,1010.659,537.307,212.828,101.138,0.999,-1,-1,-1
11,2,1683.735,577.917,56.037,117.104,0.992,-1,-1,-1
11,4,34.258,586.027,31.538,55.241,0.886,-1,-1,-1
12,0,1412.955,474.952,426.549,153.311,1.000,-1,-1,-1
12,1,682.030,534.028,228.452,105.135,0.998,-1,-1,-1
12,2,1588.572,583.758,38.531,93.231,0.990,-1,-1,-1
12,4,1345.684,558.290,26.685,63.212,0.880,-1,-1,-1
12,7,115.735,564.796,31.299,64.678,0.042,-1,-1,-1
12,10,1591.667,577.513,40.633,81.445,0.013,-1,-1,-1
13,0,1423.188,474.154,416.212,153.875,1.000,-1,-1,-1
13,2,1536.679,568.786,42.468,98.843,1.000,-1,-1,-1
13,1,562.247,534.013,219.488,102.701,1.000,-1,-1,-1
13,4,1342.089,557.888,28.054,62.500,0.594,-1,-1,-1
13,5,1477.463,569.875,143.245,47.780,0.064,-1,-1,-1
14,0,1414.678,475.363,424.754,152.623,1.000,-1,-1,-1
14,1,639.648,531.132,220.154,108.110,1.000,-1,-1,-1
14,2,1576.357,572.658,37.706,102.494,1.000,-1,-1,-1
14,4,1344.298,556.650,27.479,65.221,0.908,-1,-1,-1
14,3,314.599,551.627,31.034,48.605,0.590,-1,-1,-1
14,5,1539.917,584.135,114.623,48.523,0.024,-1,-1,-1
14,5,1522.317,568.853,151.463,52.038,0.021,-1,-1,-1
15,0,1543.562,475.487,374.455,151.611,1.000,-1,-1,-1
15,2,1745.990,594.391,47.718,114.685,0.979,-1,-1,-1
15,4,0.159,589.448,25.770,59.540,0.230,-1,-1,-1
15,3,410.816,549.148,32.949,44.646,0.191,-1,-1,-1
15,7,0.585,569.928,22.774,67.500,0.085,-1,-1,-1
15,9,1770.562,589.296,62.124,44.690,0.041,-1,-1,-1
15,11,0.325,587.447,28.904,48.372,0.027,-1,-1,-1
15,8,0.000,593.841,26.461,54.811,0.022,-1,-1,-1
15,1,1133.206,527.312,229.822,117.599,0.021,-1,-1,-1
15,10,1748.899,600.101,44.046,85.039,0.015,-1,-1,-1
16,0,1418.338,474.900,423.453,153.453,1.000,-1,-1,-1
16,1,595.074,532.957,223.580,106.976,0.999,-1,-1,-1
16,2,1566.050,575.090,37.794,98.416,0.999,-1,-1,-1
16,4,1344.377,558.187,27.243,63.475,0.630,-1,-1,-1
16,5,1537.232,584.097,111.915,47.969,0.188,-1,-1,-1
17,1,1175.018,527.013,223.681,112.263,1.000,-1,-1,-1
17,0,1565.114,475.578,354.886,152.275,1.000,-1,-1,-1
17,2,1755.375,594.227,69.007,123.039,0.997,-1,-1,-1
17,4,1480.342,599.397,22.577,49.998,0.093,-1,-1,-1
17,10,1759.487,594.758,64.195,85.580,0.034,-1,-1,-1
17,5,1754.875,597.701,72.128,67.863,0.030,-1,-1,-1
17,9,1755.710,596.172,71.029,73.669,0.014,-1,-1,-1
17,12,1754.620,598.731,73.414,69.927,0.013,-1,-1,-1
17,6,1768.663,653.918,64.382,66.878,0.011,-1,-1,-1
18,0,1416.939,475.533,426.531,153.060,1.000,-1,-1,-1
18,2,1545.197,567.344,42.933,99.345,1.000,-1,-1,-1
18,1,570.520,537.360,226.656,101.283,0.999,-1,-1,-1
18,4,1340.240,558.287,29.355,61.042,0.705,-1,-1,-1
18,5,1501.022,570.925,132.060,52.318,0.107,-1,-1,-1
18,9,788.527,522.712,60.361,69.167,0.012,-1,-1,-1
