1,0,1791.582,738.988,125.444,337.695,1.000,-1,-1,-1
1,1,873.481,709.985,167.272,367.396,1.000,-1,-1,-1
1,2,1715.701,864.064,190.034,213.471,0.999,-1,-1,-1
1,3,1386.149,585.175,88.450,46.758,0.887,-1,-1,-1
1,4,1399.484,570.411,46.383,55.858,0.659,-1,-1,-1
1,5,1382.968,582.507,92.177,49.153,0.068,-1,-1,-1
1,6,902.483,882.778,123.978,197.222,0.034,-1,-1,-1
1,7,868.263,779.629,179.599,300.371,0.019,-1,-1,-1
1,8,867.949,702.835,168.791,374.910,0.017,-1,-1,-1
2,2,1788.647,740.578,129.021,338.085,1.000,-1,-1,-1
2,1,876.087,711.599,163.223,367.132,0.999,-1,-1,-1
2,2,1715.836,864.766,189.810,212.734,0.999,-1,-1,-1
2,4,1442.359,568.695,53.561,55.814,0.799,-1,-1,-1
2,3,1428.055,582.468,73.064,46.968,0.449,-1,-1,-1
2,6,902.907,883.145,121.321,196.855,0.048,-1,-1,-1
2,8,869.992,703.128,169.002,374.792,0.023,-1,-1,-1
3,2,1789.170,740.501,128.424,338.011,1.000,-1,-1,-1
3,1,875.288,711.867,165.516,367.283,0.999,-1,-1,-1
3,2,1715.927,863.951,189.631,213.563,0.999,-1,-1,-1
3,4,1485.501,571.561,49.116,54.603,0.632,-1,-1,-1
3,3,1469.951,583.665,82.902,46.543,0.437,-1,-1,-1
3,8,869.223,702.833,168.334,375.123,0.030,-1,-1,-1
3,6,903.448,884.033,122.696,195.967,0.027,-1,-1,-1
3,5,1470.943,578.650,83.925,49.480,0.022,-1,-1,-1
4,2,1788.851,740.119,129.295,338.452,1.000,-1,-1,-1
4,8,1793.077,569.115,67.350,119.154,1.000,-1,-1,-1
4,1,873.688,708.469,168.031,369.086,1.000,-1,-1,-1
4,2,1715.722,864.302,189.708,213.053,0.999,-1,-1,-1
4,6,903.435,884.484,121.968,195.516,0.035,-1,-1,-1
5,2,1788.822,740.917,128.952,337.402,1.000,-1,-1,-1
5,1,874.913,708.323,167.034,369.209,1.000,-1,-1,-1
5,2,1715.928,864.250,189.650,213.195,0.999,-1,-1,-1
5,4,1537.758,568.907,43.237,53.395,0.903,-1,-1,-1
5,3,1517.708,585.032,85.264,40.896,0.534,-1,-1,-1
5,5,1518.465,583.119,85.473,42.345,0.056,-1,-1,-1
5,6,903.241,884.134,122.172,195.866,0.041,-1,-1,-1
5,7,869.588,703.956,170.102,374.514,0.021,-1,-1,-1
6,2,1791.488,740.004,125.435,336.729,1.000,-1,-1,-1
6,1,874.716,708.934,165.893,368.759,1.000,-1,-1,-1
6,2,1715.777,864.585,190.025,212.829,0.999,-1,-1,-1
6,8,1894.227,589.960,25.426,120.142,0.959,-1,-1,-1
6,7,869.359,701.978,166.639,375.856,0.014,-1,-1,-1
6,4,1901.387,578.214,18.613,78.688,0.011,-1,-1,-1
7,2,1788.916,740.524,128.959,337.956,1.000,-1,-1,-1
7,1,873.932,709.460,166.750,367.947,1.000,-1,-1,-1
7,2,1715.962,864.177,189.839,213.286,0.999,-1,-1,-1
7,8,1778.337,568.504,58.695,116.371,0.998,-1,-1,-1
7,6,902.750,882.911,121.158,197.089,0.049,-1,-1,-1
7,9,654.341,571.656,115.782,78.517,0.049,-1,-1,-1
7,7,872.272,714.873,165.250,357.698,0.019,-1,-1,-1
8,2,1791.330,738.828,125.910,337.989,1.000,-1,-1,-1
8,8,1756.786,569.081,52.148,112.809,1.000,-1,-1,-1
8,1,873.253,709.050,168.068,368.934,1.000,-1,-1,-1
8,2,1715.608,864.766,190.016,212.707,0.999,-1,-1,-1
8,9,612.266,569.767,108.279,75.538,0.080,-1,-1,-1
8,6,902.596,882.227,124.288,197.773,0.029,-1,-1,-1
8,7,868.250,703.655,171.047,374.855,0.022,-1,-1,-1
9,2,1790.810,739.078,126.238,337.839,1.000,-1,-1,-1
9,1,873.331,709.093,166.796,367.765,1.000,-1,-1,-1
9,2,1716.102,864.105,189.508,213.453,0.999,-1,-1,-1
9,5,1578.515,568.708,52.510,55.767,0.800,-1,-1,-1
9,5,709.255,538.602,72.291,45.208,0.426,-1,-1,-1
9,3,1565.948,582.700,75.432,47.189,0.199,-1,-1,-1
9,6,903.708,885.223,122.731,194.777,0.036,-1,-1,-1
9,7,871.070,715.012,166.962,357.682,0.018,-1,-1,-1
9,10,711.992,535.063,69.565,48.528,0.017,-1,-1,-1
10,2,1791.505,738.896,125.549,337.904,1.000,-1,-1,-1
10,1,877.348,711.234,162.416,368.766,1.000,-1,-1,-1
10,8,1724.298,568.747,38.190,101.800,0.999,-1,-1,-1
10,2,1715.616,864.444,190.408,212.894,0.999,-1,-1,-1
10,6,904.371,885.260,122.110,194.740,0.036,-1,-1,-1
10,7,869.410,703.638,167.752,374.718,0.020,-1,-1,-1
11,2,1788.459,741.382,129.550,336.508,1.000,-1,-1,-1
11,8,1832.373,575.162,47.712,117.595,1.000,-1,-1,-1
11,1,874.702,710.229,166.429,366.922,1.000,-1,-1,-1
11,2,1715.746,864.275,190.011,213.268,0.999,-1,-1,-1
11,6,903.272,884.284,122.153,195.716,0.042,-1,-1,-1
11,7,869.154,703.421,170.492,375.379,0.017,-1,-1,-1
12,2,1791.816,739.009,125.247,337.628,1.000,-1,-1,-1
12,8,1734.857,566.952,54.394,109.061,1.000,-1,-1,-1
12,1,875.245,707.931,165.354,369.993,1.000,-1,-1,-1
12,2,1715.747,864.214,190.016,213.235,0.999,-1,-1,-1
12,6,902.593,886.381,121.072,193.619,0.067,-1,-1,-1
12,7,869.038,703.088,168.931,375.401,0.015,-1,-1,-1
13,2,1791.012,739.389,126.086,337.422,1.000,-1,-1,-1
13,1,875.062,707.613,165.316,370.132,1.000,-1,-1,-1
13,2,1715.811,864.769,189.835,212.602,0.999,-1,-1,-1
13,3,1679.794,568.432,45.192,54.032,0.989,-1,-1,-1
13,3,1658.215,583.809,80.680,42.635,0.483,-1,-1,-1
13,6,902.835,886.695,121.634,193.305,0.059,-1,-1,-1
13,5,737.822,540.742,54.731,41.983,0.024,-1,-1,-1
13,7,868.638,702.373,170.322,376.283,0.015,-1,-1,-1
14,2,1790.894,738.999,126.242,337.921,1.000,-1,-1,-1
14,1,872.906,708.413,168.218,369.597,1.000,-1,-1,-1
14,2,1715.936,865.029,189.946,212.376,0.999,-1,-1,-1
14,3,1605.215,581.638,90.473,48.777,0.941,-1,-1,-1
14,10,784.013,535.495,58.848,48.160,0.731,-1,-1,-1
14,6,904.245,886.100,121.093,193.900,0.036,-1,-1,-1
14,5,744.266,541.204,55.655,40.931,0.025,-1,-1,-1
14,7,868.182,702.729,169.745,375.755,0.018,-1,-1,-1
14,9,783.830,537.896,59.452,44.332,0.011,-1,-1,-1
15,2,1790.735,739.281,126.469,337.776,1.000,-1,-1,-1
15,1,873.508,709.653,167.036,367.642,1.000,-1,-1,-1
15,2,1716.304,864.655,189.261,212.866,0.999,-1,-1,-1
15,8,1697.501,567.867,53.568,100.916,0.999,-1,-1,-1
15,6,903.656,885.746,123.179,194.254,0.043,-1,-1,-1
15,7,868.755,702.964,170.219,375.771,0.017,-1,-1,-1
16,2,1790.745,739.339,126.327,337.614,1.000,-1,-1,-1
16,1,873.404,709.885,167.653,367.400,1.000,-1,-1,-1
16,2,1716.112,864.896,189.442,212.659,0.999,-1,-1,-1
16,8,1679.553,562.492,51.611,107.729,0.998,-1,-1,-1
16,6,902.986,883.915,122.797,196.085,0.040,-1,-1,-1
16,7,868.475,703.713,171.937,375.143,0.017,-1,-1,-1
17,8,1838.521,570.097,72.991,123.108,1.000,-1,-1,-1
17,2,1790.455,739.990,126.947,336.917,1.000,-1,-1,-1
17,1,872.628,710.656,167.629,365.556,1.000,-1,-1,-1
17,2,1716.339,865.391,189.073,212.114,0.999,-1,-1,-1
17,9,1826.605,651.838,93.347,141.880,0.093,-1,-1,-1
17,6,903.563,884.195,122.721,195.805,0.035,-1,-1,-1
17,7,868.820,702.270,168.125,375.901,0.022,-1,-1,-1
18,2,1790.526,739.974,126.831,336.773,1.000,-1,-1,-1
18,8,1870.053,575.254,49.947,125.087,1.000,-1,-1,-1
18,1,877.515,711.925,162.278,367.803,0.999,-1,-1,-1
18,2,1715.679,864.815,190.202,212.489,0.999,-1,-1,-1
18,6,904.053,886.333,121.864,193.667,0.039,-1,-1,-1
18,7,870.059,702.356,166.857,375.704,0.023,-1,-1,-1
18,9,1828.617,656.606,91.370,137.739,0.021,-1,-1,-1
