1,0,871.073,578.142,80.491,66.045,0.963,-1,-1,-1
1,1,807.298,553.120,32.105,74.784,0.639,-1,-1,-1
1,2,911.732,580.894,62.143,63.880,0.130,-1,-1,-1
1,3,868.212,578.163,46.494,61.138,0.053,-1,-1,-1
1,4,447.431,563.141,88.275,44.101,0.039,-1,-1,-1
1,5,878.805,568.274,48.185,62.557,0.028,-1,-1,-1
1,6,1887.964,639.186,29.449,66.828,0.024,-1,-1,-1
1,7,1860.651,608.544,58.258,43.454,0.016,-1,-1,-1
2,1,900.865,559.293,29.471,73.951,0.981,-1,-1,-1
2,3,1039.693,596.335,44.738,79.509,0.957,-1,-1,-1
2,4,554.574,563.956,82.483,52.740,0.490,-1,-1,-1
3,1,946.502,557.327,32.594,81.124,0.992,-1,-1,-1
3,3,1129.821,608.838,53.200,87.175,0.973,-1,-1,-1
3,6,1513.075,559.873,28.002,54.251,0.318,-1,-1,-1
3,4,673.306,568.696,94.678,63.333,0.048,-1,-1,-1
3,5,1133.043,602.849,35.198,88.715,0.043,-1,-1,-1
4,1,1087.869,566.613,56.892,105.173,0.997,-1,-1,-1
4,3,1697.433,685.736,172.139,204.541,0.937,-1,-1,-1
4,4,1051.456,566.510,66.785,41.964,0.057,-1,-1,-1
4,8,1051.853,566.900,65.058,41.878,0.041,-1,-1,-1
4,9,1713.635,662.417,141.319,248.622,0.031,-1,-1,-1
4,7,1713.221,669.018,142.899,244.352,0.023,-1,-1,-1
4,5,1716.954,665.144,128.856,204.710,0.022,-1,-1,-1
4,10,1709.037,684.975,192.256,214.308,0.015,-1,-1,-1
5,1,919.483,558.118,32.345,72.738,0.996,-1,-1,-1
5,0,1073.668,600.719,50.072,81.629,0.699,-1,-1,-1
5,4,641.036,567.420,109.112,59.323,0.500,-1,-1,-1
5,10,1080.538,585.580,66.582,45.283,0.186,-1,-1,-1
5,7,1080.588,585.232,65.850,46.182,0.091,-1,-1,-1
5,5,1073.186,593.101,50.605,77.135,0.068,-1,-1,-1
5,3,1072.864,584.209,67.470,48.204,0.039,-1,-1,-1
5,11,929.358,571.406,74.087,46.580,0.014,-1,-1,-1
5,6,1449.569,561.858,28.819,51.751,0.011,-1,-1,-1
6,0,895.935,577.230,72.359,63.899,0.692,-1,-1,-1
6,4,559.882,568.777,92.069,46.181,0.284,-1,-1,-1
6,1,826.144,564.711,29.128,66.283,0.173,-1,-1,-1
6,2,926.663,579.017,76.403,70.852,0.149,-1,-1,-1
6,6,1196.938,549.262,29.361,68.043,0.064,-1,-1,-1
6,5,903.740,569.307,43.374,61.312,0.012,-1,-1,-1
7,0,1390.237,635.380,164.132,155.805,0.996,-1,-1,-1
7,1,1042.361,569.927,31.419,85.691,0.990,-1,-1,-1
7,2,1681.611,706.936,135.807,225.030,0.963,-1,-1,-1
7,5,1415.137,618.210,115.302,145.124,0.110,-1,-1,-1
7,6,1795.806,560.072,32.729,58.545,0.045,-1,-1,-1
7,10,1403.481,634.445,134.085,136.942,0.021,-1,-1,-1
7,12,1513.899,683.840,99.343,179.464,0.013,-1,-1,-1
8,0,1236.240,605.220,127.162,145.922,1.000,-1,-1,-1
8,1,990.944,561.178,32.193,81.075,0.993,-1,-1,-1
8,13,1782.223,626.588,49.207,69.682,0.808,-1,-1,-1
8,2,1304.930,652.039,80.808,106.971,0.138,-1,-1,-1
8,6,1642.269,561.087,31.365,53.043,0.130,-1,-1,-1
8,4,645.080,567.158,77.619,60.053,0.055,-1,-1,-1
8,10,1240.289,593.861,115.324,142.045,0.045,-1,-1,-1
9,1,958.304,563.758,37.391,78.892,0.999,-1,-1,-1
9,0,1168.423,637.304,61.332,79.088,0.318,-1,-1,-1
9,13,1667.650,592.430,31.045,87.993,0.084,-1,-1,-1
9,13,1666.978,603.269,35.694,80.739,0.034,-1,-1,-1
10,1,854.476,563.169,29.052,72.597,0.955,-1,-1,-1
10,6,1248.458,551.310,30.530,71.667,0.544,-1,-1,-1
10,0,930.156,582.966,63.610,70.868,0.421,-1,-1,-1
10,4,499.254,561.332,80.662,48.148,0.074,-1,-1,-1
10,5,948.327,567.741,46.856,62.097,0.068,-1,-1,-1
10,10,940.134,576.865,45.064,58.598,0.012,-1,-1,-1
11,4,873.708,602.008,181.486,97.649,0.999,-1,-1,-1
11,1,1214.928,576.477,47.410,124.582,0.994,-1,-1,-1
11,14,0.076,514.646,54.758,69.169,0.029,-1,-1,-1
11,6,1874.092,625.138,43.172,62.881,0.012,-1,-1,-1
12,4,907.020,610.154,193.863,108.359,1.000,-1,-1,-1
12,1,1235.785,570.135,74.215,149.342,0.997,-1,-1,-1
12,6,1100.096,557.967,29.346,55.192,0.310,-1,-1,-1
13,4,832.346,592.564,180.570,96.524,0.997,-1,-1,-1
13,1,1167.657,578.682,39.358,111.405,0.985,-1,-1,-1
13,6,1366.341,600.134,27.037,57.534,0.013,-1,-1,-1
13,6,1015.302,558.067,37.219,44.103,0.013,-1,-1,-1
14,2,1689.805,706.430,134.429,221.864,0.999,-1,-1,-1
14,0,1533.077,659.865,133.578,179.363,0.997,-1,-1,-1
14,1,1068.971,564.878,43.276,99.211,0.985,-1,-1,-1
14,14,9.724,541.966,49.995,42.611,0.101,-1,-1,-1
14,11,1060.501,568.959,48.214,41.726,0.093,-1,-1,-1
14,5,1546.276,639.681,117.631,158.913,0.084,-1,-1,-1
14,12,1702.394,704.289,102.618,237.219,0.049,-1,-1,-1
14,7,10.137,545.843,49.650,39.299,0.021,-1,-1,-1
14,8,1046.108,573.174,64.469,35.257,0.018,-1,-1,-1
15,0,1508.813,661.343,115.332,195.561,0.999,-1,-1,-1
15,2,1358.526,650.101,130.159,156.080,0.998,-1,-1,-1
15,1,1013.679,564.281,30.318,86.699,0.985,-1,-1,-1
15,6,1717.846,561.815,26.903,60.040,0.029,-1,-1,-1
16,4,822.764,593.020,160.889,83.806,0.999,-1,-1,-1
16,1,1133.862,573.651,45.393,108.171,0.998,-1,-1,-1
17,11,860.720,559.575,39.606,71.461,0.764,-1,-1,-1
17,10,959.843,587.481,59.354,67.732,0.309,-1,-1,-1
17,6,1300.042,564.102,27.353,59.503,0.092,-1,-1,-1
18,10,993.928,593.739,51.552,73.699,0.848,-1,-1,-1
18,11,877.167,557.937,33.431,68.884,0.819,-1,-1,-1
18,4,532.218,564.349,80.730,48.926,0.357,-1,-1,-1
18,6,917.103,563.276,28.563,79.560,0.050,-1,-1,-1
18,13,1011.585,573.375,46.643,58.797,0.015,-1,-1,-1
18,0,1029.946,569.902,67.965,40.016,0.012,-1,-1,-1
