1,0,167.840,573.076,56.840,96.380,1.000,-1,-1,-1
1,1,464.112,95.645,999.438,983.025,1.000,-1,-1,-1
1,2,407.688,597.822,28.744,77.949,1.000,-1,-1,-1
1,3,257.497,554.762,31.855,76.583,0.994,-1,-1,-1
1,4,1489.040,501.510,206.543,100.952,0.114,-1,-1,-1
2,1,462.876,95.618,1001.325,983.263,1.000,-1,-1,-1
2,2,356.669,602.542,31.140,75.819,1.000,-1,-1,-1
2,0,277.044,576.256,53.304,92.585,1.000,-1,-1,-1
2,4,1488.354,501.533,207.400,100.949,0.098,-1,-1,-1
3,1,463.756,95.214,1000.100,983.594,1.000,-1,-1,-1
3,0,210.840,569.416,35.017,97.268,0.992,-1,-1,-1
3,2,395.996,603.773,27.747,72.719,0.967,-1,-1,-1
3,3,266.390,558.179,29.865,75.339,0.949,-1,-1,-1
3,4,1487.569,501.636,207.785,100.854,0.091,-1,-1,-1
3,5,211.218,570.924,33.895,91.843,0.052,-1,-1,-1
4,2,342.859,602.138,39.692,74.379,1.000,-1,-1,-1
4,1,463.293,96.145,1000.553,982.698,1.000,-1,-1,-1
4,0,300.491,575.887,38.031,93.714,0.995,-1,-1,-1
4,4,1487.862,501.571,207.528,100.956,0.103,-1,-1,-1
5,1,463.906,96.223,1000.594,982.553,1.000,-1,-1,-1
5,0,149.923,570.466,41.023,97.367,0.999,-1,-1,-1
5,2,416.101,601.930,33.145,73.319,0.998,-1,-1,-1
5,3,250.248,557.756,34.114,74.666,0.998,-1,-1,-1
5,4,1489.038,501.641,206.269,100.865,0.116,-1,-1,-1
5,5,253.447,557.825,33.826,69.948,0.013,-1,-1,-1
6,1,462.118,95.878,1002.426,982.989,1.000,-1,-1,-1
6,0,431.016,575.358,28.765,96.147,0.986,-1,-1,-1
6,2,303.995,597.912,29.676,72.008,0.879,-1,-1,-1
6,5,309.947,562.494,33.324,69.216,0.534,-1,-1,-1
6,3,312.454,557.870,33.473,75.336,0.350,-1,-1,-1
6,4,1488.774,501.607,206.711,100.884,0.106,-1,-1,-1
6,6,301.487,574.994,49.640,50.708,0.048,-1,-1,-1
6,7,303.227,572.971,46.205,54.476,0.016,-1,-1,-1
6,8,279.105,590.484,71.857,43.150,0.015,-1,-1,-1
6,9,303.419,569.031,45.586,56.193,0.013,-1,-1,-1
6,10,269.535,605.193,74.864,43.410,0.011,-1,-1,-1
7,1,463.029,95.715,1000.773,983.032,1.000,-1,-1,-1
7,0,323.667,576.590,52.214,100.792,0.999,-1,-1,-1
7,4,1488.448,501.238,207.332,101.210,0.107,-1,-1,-1
7,3,291.597,567.610,32.616,72.544,0.103,-1,-1,-1
7,5,306.851,571.397,52.885,64.676,0.028,-1,-1,-1
7,2,303.658,597.371,57.487,77.402,0.013,-1,-1,-1
7,6,279.971,584.451,55.322,58.665,0.011,-1,-1,-1
8,1,463.899,95.214,999.556,983.498,1.000,-1,-1,-1
8,0,225.425,567.634,49.633,95.706,0.999,-1,-1,-1
8,2,379.568,600.692,34.161,73.994,0.987,-1,-1,-1
8,4,1486.969,501.523,209.241,100.882,0.083,-1,-1,-1
8,9,225.921,574.739,58.574,42.273,0.013,-1,-1,-1
9,1,463.063,95.090,999.900,983.614,1.000,-1,-1,-1
9,0,377.523,574.272,39.913,97.908,0.999,-1,-1,-1
9,2,310.990,602.694,42.223,70.920,0.998,-1,-1,-1
9,3,299.853,562.115,33.346,79.010,0.415,-1,-1,-1
9,7,299.827,566.778,38.785,62.350,0.317,-1,-1,-1
9,4,1486.829,501.464,209.162,101.029,0.086,-1,-1,-1
9,8,291.080,583.053,54.223,65.399,0.017,-1,-1,-1
9,5,307.693,584.332,40.752,80.628,0.011,-1,-1,-1
10,1,463.408,94.912,1000.323,983.935,1.000,-1,-1,-1
10,0,337.339,571.788,54.847,103.201,0.998,-1,-1,-1
10,3,295.007,559.483,33.584,75.560,0.758,-1,-1,-1
10,2,326.796,587.540,33.908,84.239,0.742,-1,-1,-1
10,4,1486.840,501.475,209.067,101.027,0.084,-1,-1,-1
10,7,294.454,564.663,39.310,63.495,0.027,-1,-1,-1
10,11,311.597,579.035,89.827,97.891,0.013,-1,-1,-1
10,12,295.265,580.392,65.249,41.201,0.012,-1,-1,-1
11,1,464.327,95.382,999.778,983.359,1.000,-1,-1,-1
11,0,187.451,569.055,47.631,98.029,0.999,-1,-1,-1
11,3,262.733,567.330,29.591,66.629,0.997,-1,-1,-1
11,2,402.214,604.135,27.554,72.038,0.942,-1,-1,-1
11,4,1487.723,501.428,208.318,101.071,0.083,-1,-1,-1
12,1,463.812,95.970,999.687,982.769,1.000,-1,-1,-1
12,0,263.968,567.535,45.410,98.492,0.996,-1,-1,-1
12,2,369.858,600.911,28.123,77.147,0.996,-1,-1,-1
12,4,1485.984,501.527,210.252,101.027,0.080,-1,-1,-1
13,1,461.929,95.335,1002.257,983.436,1.000,-1,-1,-1
13,0,361.100,570.275,38.099,97.799,0.998,-1,-1,-1
13,2,327.762,604.222,27.308,71.916,0.909,-1,-1,-1
13,3,296.558,561.412,32.002,72.761,0.470,-1,-1,-1
13,9,315.846,569.680,59.077,55.657,0.405,-1,-1,-1
13,4,1487.838,501.687,207.710,100.685,0.087,-1,-1,-1
13,7,297.654,565.923,36.750,60.554,0.037,-1,-1,-1
14,0,127.309,570.196,52.763,97.120,1.000,-1,-1,-1
14,1,462.925,96.095,1002.380,982.765,1.000,-1,-1,-1
14,3,243.412,559.174,33.623,71.758,0.998,-1,-1,-1
14,2,431.773,602.349,26.041,75.281,0.973,-1,-1,-1
14,4,1492.393,501.740,202.319,100.787,0.180,-1,-1,-1
15,1,462.608,95.467,1000.612,983.193,1.000,-1,-1,-1
15,0,390.252,572.657,46.102,98.776,0.999,-1,-1,-1
15,2,308.792,594.107,40.531,79.204,0.997,-1,-1,-1
15,7,303.196,569.090,38.070,66.618,0.355,-1,-1,-1
15,4,1487.763,501.550,207.753,100.963,0.096,-1,-1,-1
16,1,462.728,95.414,1001.027,983.341,1.000,-1,-1,-1
16,0,247.621,563.133,33.740,96.892,0.997,-1,-1,-1
16,2,371.809,601.557,33.058,74.571,0.996,-1,-1,-1
16,4,1487.843,501.448,207.484,101.105,0.102,-1,-1,-1
17,1,463.781,96.226,1001.813,982.668,1.000,-1,-1,-1
17,0,108.840,567.094,50.537,104.039,1.000,-1,-1,-1
17,3,241.974,556.736,35.315,74.388,0.999,-1,-1,-1
17,2,442.147,593.042,26.597,84.780,0.857,-1,-1,-1
17,4,1487.701,501.842,207.516,100.829,0.093,-1,-1,-1
17,7,241.551,559.704,36.832,67.597,0.019,-1,-1,-1
18,1,462.535,95.834,1001.456,982.962,1.000,-1,-1,-1
18,0,413.794,580.868,27.484,88.320,0.994,-1,-1,-1
18,2,306.045,584.846,31.645,83.449,0.783,-1,-1,-1
18,7,308.849,564.996,31.747,56.684,0.527,-1,-1,-1
18,3,311.695,558.864,31.332,76.480,0.408,-1,-1,-1
18,4,1485.917,501.613,210.350,100.945,0.076,-1,-1,-1
18,5,302.295,571.457,35.540,77.450,0.029,-1,-1,-1
18,8,279.719,589.621,66.798,44.601,0.022,-1,-1,-1
