1,0,1198.052,559.081,140.972,85.525,0.961,-1,-1,-1
1,1,559.830,551.602,53.587,52.369,0.235,-1,-1,-1
1,2,546.062,549.129,45.280,55.340,0.105,-1,-1,-1
1,3,561.105,551.858,49.512,52.880,0.029,-1,-1,-1
1,4,713.468,531.150,39.812,71.659,0.028,-1,-1,-1
1,5,1198.110,553.650,140.410,92.386,0.017,-1,-1,-1
1,6,604.211,554.781,32.214,57.919,0.016,-1,-1,-1
1,7,744.659,497.667,39.050,61.416,0.016,-1,-1,-1
1,8,582.977,553.354,29.533,60.911,0.013,-1,-1,-1
1,9,594.660,551.823,29.747,63.894,0.013,-1,-1,-1
1,10,2.228,600.047,63.412,54.533,0.012,-1,-1,-1
1,11,1812.255,567.613,61.510,38.518,0.011,-1,-1,-1
2,0,1186.847,554.612,138.554,92.490,0.982,-1,-1,-1
2,7,650.184,491.672,36.118,72.486,0.317,-1,-1,-1
2,12,1205.098,546.115,76.270,92.994,0.037,-1,-1,-1
2,4,623.246,544.855,29.491,65.088,0.025,-1,-1,-1
2,1,421.795,546.594,44.302,67.153,0.016,-1,-1,-1
3,0,1178.256,557.965,141.506,88.132,0.978,-1,-1,-1
3,4,1681.149,541.576,35.072,50.097,0.068,-1,-1,-1
3,5,1180.403,549.826,130.011,97.213,0.012,-1,-1,-1
3,1,267.863,526.022,63.848,88.247,0.012,-1,-1,-1
3,4,502.490,543.215,31.227,71.883,0.011,-1,-1,-1
4,0,1206.991,561.688,139.283,83.345,0.893,-1,-1,-1
4,1,705.390,544.973,44.145,52.065,0.032,-1,-1,-1
4,13,0.031,607.175,35.493,49.411,0.013,-1,-1,-1
4,6,734.124,555.224,41.776,49.306,0.012,-1,-1,-1
4,5,1206.658,556.506,138.764,87.916,0.011,-1,-1,-1
5,0,2.139,642.954,361.973,271.284,1.000,-1,-1,-1
5,4,1858.470,575.109,59.095,142.962,0.999,-1,-1,-1
5,14,1858.826,575.914,61.174,134.704,0.011,-1,-1,-1
6,5,1168.494,557.749,140.435,91.637,0.968,-1,-1,-1
6,9,1615.785,543.346,38.389,53.391,0.017,-1,-1,-1
6,12,1179.723,557.045,76.743,83.722,0.013,-1,-1,-1
7,5,1206.855,561.808,139.202,80.932,0.992,-1,-1,-1
7,1,748.790,541.886,38.947,53.367,0.044,-1,-1,-1
7,9,1389.168,544.743,33.008,47.968,0.030,-1,-1,-1
7,2,760.299,543.018,50.603,55.891,0.027,-1,-1,-1
7,7,910.429,501.865,35.127,62.004,0.013,-1,-1,-1
8,5,1206.079,563.845,146.409,76.495,0.988,-1,-1,-1
8,7,880.417,498.482,94.994,56.229,0.052,-1,-1,-1
8,13,473.531,575.496,53.452,41.534,0.018,-1,-1,-1
8,9,1424.198,547.408,33.275,45.797,0.012,-1,-1,-1
9,4,1894.521,589.897,25.479,139.833,0.870,-1,-1,-1
9,9,830.749,552.111,24.413,61.510,0.503,-1,-1,-1
9,5,1891.983,591.617,28.017,126.047,0.162,-1,-1,-1
9,5,1212.283,560.219,141.251,81.742,0.141,-1,-1,-1
9,6,965.093,534.771,32.678,57.646,0.107,-1,-1,-1
9,14,1892.607,587.126,27.393,129.816,0.040,-1,-1,-1
9,15,1891.890,588.540,28.110,130.406,0.027,-1,-1,-1
9,8,837.410,541.486,26.540,66.238,0.011,-1,-1,-1
10,5,1161.291,556.716,141.181,93.513,0.961,-1,-1,-1
10,1,0.467,525.838,24.485,105.553,0.164,-1,-1,-1
10,9,1594.365,546.200,36.690,47.482,0.022,-1,-1,-1
11,5,1197.493,561.876,141.164,83.119,0.934,-1,-1,-1
11,7,784.459,497.349,46.439,56.141,0.271,-1,-1,-1
11,1,606.097,547.887,47.975,54.741,0.024,-1,-1,-1
11,6,760.770,533.139,37.032,67.741,0.014,-1,-1,-1
11,9,1858.407,553.708,25.885,49.807,0.013,-1,-1,-1
12,4,1881.670,583.352,33.898,138.954,0.970,-1,-1,-1
12,5,1221.168,560.822,135.100,79.334,0.618,-1,-1,-1
12,8,880.573,540.482,25.640,67.842,0.520,-1,-1,-1
12,15,1879.045,588.188,40.123,113.708,0.056,-1,-1,-1
12,14,1882.678,579.543,33.021,122.825,0.026,-1,-1,-1
13,0,50.536,617.992,522.587,253.528,1.000,-1,-1,-1
13,4,1839.864,573.221,70.978,132.500,1.000,-1,-1,-1
13,8,953.015,541.299,28.495,60.163,0.078,-1,-1,-1
13,9,1843.258,559.484,33.312,85.257,0.028,-1,-1,-1
13,13,515.906,574.404,53.879,40.447,0.012,-1,-1,-1
14,5,1154.591,554.897,138.800,97.049,0.983,-1,-1,-1
14,16,1858.413,951.199,60.752,126.236,0.288,-1,-1,-1
14,4,1862.949,931.696,54.257,140.254,0.182,-1,-1,-1
14,17,1859.848,956.492,58.536,123.508,0.089,-1,-1,-1
14,15,1859.653,946.871,59.068,128.994,0.072,-1,-1,-1
14,14,1868.264,932.357,48.675,132.148,0.012,-1,-1,-1
15,5,1204.138,562.183,143.293,83.928,0.896,-1,-1,-1
15,1,656.674,546.925,50.856,52.317,0.438,-1,-1,-1
15,3,1891.884,548.208,27.781,51.800,0.059,-1,-1,-1
15,4,1874.929,535.773,43.989,47.986,0.022,-1,-1,-1
15,12,1221.768,559.324,60.186,77.461,0.010,-1,-1,-1
16,5,1172.906,555.140,136.917,93.033,0.709,-1,-1,-1
16,3,1650.286,546.560,55.103,48.878,0.068,-1,-1,-1
16,12,1191.259,555.477,72.835,78.542,0.028,-1,-1,-1
16,13,1176.980,566.326,101.885,77.375,0.023,-1,-1,-1
17,5,1179.557,556.685,136.194,88.798,0.974,-1,-1,-1
17,1,336.593,540.570,70.566,73.572,0.185,-1,-1,-1
17,12,1196.708,548.643,79.231,88.984,0.044,-1,-1,-1
17,15,1180.543,550.065,129.477,97.419,0.021,-1,-1,-1
17,6,566.394,547.486,25.358,64.952,0.016,-1,-1,-1
18,5,1187.823,560.319,138.110,87.257,0.993,-1,-1,-1
18,1,490.113,546.105,43.940,62.106,0.135,-1,-1,-1
18,7,696.660,498.346,36.561,55.388,0.057,-1,-1,-1
18,8,505.006,550.159,29.229,67.100,0.028,-1,-1,-1
18,15,1188.131,551.008,138.907,97.567,0.013,-1,-1,-1
