1,0,1198.217,582.117,154.650,85.901,1.000,-1,-1,-1
1,1,1065.981,583.947,119.770,84.806,0.999,-1,-1,-1
1,2,1038.825,555.589,54.196,33.075,0.886,-1,-1,-1
1,3,344.570,587.041,59.634,52.397,0.266,-1,-1,-1
1,4,1069.193,567.814,30.176,91.285,0.097,-1,-1,-1
1,5,1069.505,567.600,28.965,94.743,0.096,-1,-1,-1
1,6,1068.893,572.529,31.330,88.847,0.037,-1,-1,-1
1,7,1049.401,517.268,62.719,61.882,0.034,-1,-1,-1
1,8,258.743,551.393,29.550,65.534,0.031,-1,-1,-1
1,9,1068.853,571.067,31.640,89.545,0.017,-1,-1,-1
1,10,1068.693,572.721,31.466,88.506,0.016,-1,-1,-1
1,11,344.801,586.878,59.112,52.535,0.015,-1,-1,-1
2,0,1170.959,575.325,144.267,85.633,0.999,-1,-1,-1
2,1,1055.422,582.532,116.341,86.621,0.998,-1,-1,-1
2,2,1028.529,555.126,52.020,32.571,0.903,-1,-1,-1
2,5,1059.926,567.694,34.656,95.330,0.063,-1,-1,-1
2,4,1056.310,566.776,33.328,88.746,0.039,-1,-1,-1
3,0,1287.189,595.140,247.882,122.735,1.000,-1,-1,-1
3,2,1068.783,556.308,61.322,33.765,0.991,-1,-1,-1
3,1,1080.249,585.070,111.199,84.909,0.928,-1,-1,-1
3,4,1082.167,567.551,45.858,92.229,0.041,-1,-1,-1
3,5,1082.093,566.954,45.968,99.332,0.037,-1,-1,-1
4,0,1234.998,591.773,194.265,96.597,1.000,-1,-1,-1
4,1,1081.507,585.475,103.367,84.095,0.952,-1,-1,-1
4,2,1053.211,557.865,65.733,32.317,0.768,-1,-1,-1
4,8,1136.471,542.711,52.570,52.527,0.143,-1,-1,-1
4,12,1348.227,561.404,59.666,52.328,0.030,-1,-1,-1
4,5,1080.666,571.392,37.471,95.179,0.023,-1,-1,-1
5,1,1089.127,581.224,120.954,92.834,0.999,-1,-1,-1
5,0,1657.275,705.121,262.725,202.548,0.987,-1,-1,-1
5,2,1103.110,555.843,75.186,50.995,0.316,-1,-1,-1
5,10,1653.107,698.143,266.893,203.433,0.096,-1,-1,-1
5,13,1656.911,684.562,263.089,212.285,0.086,-1,-1,-1
6,0,1319.706,602.410,284.801,135.628,1.000,-1,-1,-1
6,1,1087.652,588.022,110.005,85.683,0.976,-1,-1,-1
6,2,1076.970,556.119,57.555,37.877,0.443,-1,-1,-1
7,0,1267.764,589.879,203.530,115.627,1.000,-1,-1,-1
7,1,1079.369,583.374,110.401,85.567,0.960,-1,-1,-1
7,2,1061.852,555.185,48.498,36.968,0.936,-1,-1,-1
7,5,1080.937,569.165,36.072,97.448,0.013,-1,-1,-1
8,1,1017.047,584.350,103.935,83.873,1.000,-1,-1,-1
8,0,1102.421,565.663,73.984,64.635,0.996,-1,-1,-1
9,0,1140.543,578.902,74.851,60.511,0.993,-1,-1,-1
9,1,1032.498,581.793,108.757,85.364,0.990,-1,-1,-1
9,3,411.932,580.283,51.809,48.228,0.080,-1,-1,-1
10,1,992.764,584.351,113.475,80.964,0.999,-1,-1,-1
10,0,1088.606,570.083,67.016,57.136,0.950,-1,-1,-1
11,0,1506.169,648.670,413.831,233.080,1.000,-1,-1,-1
11,1,1086.837,584.419,119.642,88.995,0.999,-1,-1,-1
11,2,1096.982,556.973,62.607,41.895,0.834,-1,-1,-1
12,0,1389.339,618.992,416.152,172.381,1.000,-1,-1,-1
12,1,1084.752,586.020,112.206,87.607,0.825,-1,-1,-1
12,2,1084.499,555.385,62.534,43.096,0.819,-1,-1,-1
12,3,1618.695,612.639,69.068,51.028,0.043,-1,-1,-1
12,10,1638.746,602.993,58.548,49.665,0.013,-1,-1,-1
13,0,1219.477,589.073,175.097,89.508,1.000,-1,-1,-1
13,1,1072.158,581.787,110.467,87.362,0.996,-1,-1,-1
13,2,1051.363,556.793,51.706,34.197,0.800,-1,-1,-1
13,5,1070.057,573.478,46.072,94.880,0.010,-1,-1,-1
14,1,1038.897,582.114,118.809,85.344,0.997,-1,-1,-1
14,0,1161.078,582.157,93.788,65.049,0.939,-1,-1,-1
14,14,1788.135,667.968,131.865,100.226,0.173,-1,-1,-1
14,5,104.349,617.718,25.380,75.873,0.037,-1,-1,-1
14,15,406.272,579.822,51.618,49.339,0.018,-1,-1,-1
14,2,1788.281,670.461,131.283,96.560,0.011,-1,-1,-1
15,0,1435.147,632.759,484.526,200.756,1.000,-1,-1,-1
15,1,1082.585,584.840,118.616,89.760,0.664,-1,-1,-1
15,5,535.516,555.140,31.178,60.362,0.083,-1,-1,-1
15,2,1086.084,553.164,62.130,39.186,0.075,-1,-1,-1
15,8,1398.571,562.425,29.297,64.433,0.054,-1,-1,-1
16,1,1045.822,585.363,115.089,82.682,0.948,-1,-1,-1
16,2,1024.115,553.741,53.762,34.836,0.944,-1,-1,-1
16,0,1166.349,571.536,118.534,84.701,0.332,-1,-1,-1
16,16,0.157,520.700,24.228,84.855,0.158,-1,-1,-1
16,7,1030.291,513.474,68.381,61.146,0.055,-1,-1,-1
17,0,1569.579,654.010,350.370,268.516,0.999,-1,-1,-1
17,1,1089.508,581.581,117.500,91.456,0.998,-1,-1,-1
17,2,1090.686,553.217,59.478,39.219,0.082,-1,-1,-1
17,8,1436.259,561.344,40.014,64.398,0.010,-1,-1,-1
18,0,1346.588,613.183,349.592,149.232,1.000,-1,-1,-1
18,1,1086.657,584.685,116.854,87.076,0.996,-1,-1,-1
18,2,1080.030,555.852,62.750,39.846,0.595,-1,-1,-1
18,5,1081.371,567.534,33.674,94.997,0.016,-1,-1,-1
18,3,1329.528,571.035,60.801,38.755,0.015,-1,-1,-1
18,4,1088.327,571.853,39.673,86.531,0.013,-1,-1,-1
