1,0,251.081,619.311,312.312,119.726,1.000,-1,-1,-1
1,1,1393.965,570.710,52.645,125.786,0.999,-1,-1,-1
1,2,5.950,606.161,288.051,135.152,0.996,-1,-1,-1
1,3,1248.567,568.464,27.100,60.705,0.742,-1,-1,-1
1,4,98.891,598.911,252.246,108.749,0.571,-1,-1,-1
1,5,69.617,560.233,35.591,68.516,0.473,-1,-1,-1
1,6,1236.610,575.369,42.247,38.851,0.124,-1,-1,-1
1,7,523.784,576.282,150.964,99.603,0.091,-1,-1,-1
1,8,1240.131,555.799,26.210,60.486,0.081,-1,-1,-1
1,9,16.541,562.007,51.378,86.142,0.075,-1,-1,-1
1,10,1243.160,566.128,30.771,49.926,0.021,-1,-1,-1
1,11,1363.081,572.370,28.939,73.206,0.013,-1,-1,-1
2,12,425.095,463.064,268.559,174.405,1.000,-1,-1,-1
2,13,910.148,522.003,68.624,45.042,0.839,-1,-1,-1
2,2,381.710,493.338,55.338,74.453,0.012,-1,-1,-1
3,0,154.989,626.238,376.988,137.129,1.000,-1,-1,-1
3,1,1460.500,580.954,57.671,138.541,0.999,-1,-1,-1
3,4,1.717,608.970,282.347,146.647,0.999,-1,-1,-1
3,5,0.842,564.675,29.638,70.845,0.857,-1,-1,-1
3,2,0.422,562.130,35.810,65.156,0.528,-1,-1,-1
3,3,1264.566,568.170,23.897,67.191,0.191,-1,-1,-1
3,7,481.218,576.618,154.657,104.235,0.154,-1,-1,-1
3,14,0.601,560.491,34.932,68.661,0.020,-1,-1,-1
4,7,230.525,600.985,319.062,149.949,0.999,-1,-1,-1
4,3,1369.018,603.502,33.125,62.397,0.966,-1,-1,-1
4,0,3.456,664.828,313.551,218.593,0.798,-1,-1,-1
4,12,711.107,502.544,115.136,82.558,0.737,-1,-1,-1
4,8,1275.024,550.121,27.376,59.714,0.126,-1,-1,-1
4,9,1625.585,551.561,43.280,66.946,0.055,-1,-1,-1
4,11,1655.764,557.546,30.679,69.769,0.032,-1,-1,-1
5,4,0.000,616.728,220.751,137.623,0.999,-1,-1,-1
5,1,1521.117,580.290,99.825,166.006,0.998,-1,-1,-1
5,0,27.599,642.029,481.740,152.283,0.987,-1,-1,-1
5,3,1287.306,582.322,24.950,60.396,0.169,-1,-1,-1
5,7,440.919,585.629,167.002,110.069,0.036,-1,-1,-1
5,8,1248.892,553.395,26.833,55.256,0.014,-1,-1,-1
6,12,361.513,457.825,299.462,195.189,1.000,-1,-1,-1
6,13,909.589,522.221,66.935,46.182,0.826,-1,-1,-1
7,7,0.000,639.828,358.380,258.222,1.000,-1,-1,-1
7,12,652.651,494.766,139.127,100.367,0.999,-1,-1,-1
7,3,1567.183,641.584,33.274,73.583,0.992,-1,-1,-1
7,8,1327.020,558.533,35.944,56.827,0.036,-1,-1,-1
7,13,507.397,522.174,77.589,59.298,0.011,-1,-1,-1
8,7,379.178,586.452,227.899,123.992,0.999,-1,-1,-1
8,1,1620.786,595.287,100.109,180.483,0.999,-1,-1,-1
8,12,733.845,504.181,112.683,77.988,0.558,-1,-1,-1
8,3,1310.580,582.554,24.405,65.376,0.446,-1,-1,-1
8,0,8.473,636.363,327.789,198.116,0.400,-1,-1,-1
8,4,5.635,639.019,146.579,124.314,0.045,-1,-1,-1
8,9,1600.291,588.520,31.548,76.166,0.033,-1,-1,-1
9,12,523.183,476.034,202.209,147.602,0.999,-1,-1,-1
9,11,1873.490,559.487,39.052,79.286,0.165,-1,-1,-1
9,8,1415.427,563.980,42.731,54.236,0.053,-1,-1,-1
9,13,912.190,520.549,68.893,44.926,0.049,-1,-1,-1
10,12,474.593,470.119,232.508,160.576,0.999,-1,-1,-1
10,13,910.755,520.266,69.815,44.795,0.085,-1,-1,-1
10,15,1041.319,542.282,84.388,30.818,0.015,-1,-1,-1
11,12,633.886,493.255,147.210,106.738,1.000,-1,-1,-1
11,7,4.497,653.283,271.905,219.930,0.999,-1,-1,-1
11,3,1644.162,652.348,43.899,82.875,0.998,-1,-1,-1
11,8,1360.764,565.311,35.936,58.901,0.035,-1,-1,-1
11,16,53.919,645.270,171.879,194.278,0.010,-1,-1,-1
12,0,1.625,715.046,205.589,167.747,1.000,-1,-1,-1
12,7,156.923,611.317,356.912,161.192,0.999,-1,-1,-1
12,3,1408.115,609.391,25.649,65.849,0.851,-1,-1,-1
12,12,699.792,500.627,119.556,85.075,0.843,-1,-1,-1
12,11,1647.325,563.078,33.320,67.856,0.116,-1,-1,-1
12,8,1285.294,552.334,27.982,61.148,0.111,-1,-1,-1
13,7,23.247,617.854,456.305,206.929,0.997,-1,-1,-1
13,12,685.725,499.976,126.620,89.891,0.985,-1,-1,-1
13,3,1451.097,617.740,27.912,68.006,0.969,-1,-1,-1
13,0,1.384,759.105,74.244,140.817,0.344,-1,-1,-1
13,11,1677.560,552.089,29.636,67.855,0.302,-1,-1,-1
13,8,1300.139,557.149,27.569,59.676,0.111,-1,-1,-1
13,13,916.818,518.889,62.804,44.027,0.014,-1,-1,-1
14,1,1768.533,607.022,94.826,211.939,0.992,-1,-1,-1
14,0,0.000,663.579,364.866,233.645,0.853,-1,-1,-1
14,3,1339.353,601.853,25.504,53.910,0.656,-1,-1,-1
14,1,1773.140,624.698,33.453,164.883,0.483,-1,-1,-1
14,8,1265.852,549.021,23.863,59.447,0.022,-1,-1,-1
14,13,0.000,586.491,379.066,285.140,0.010,-1,-1,-1
15,12,585.848,485.060,168.178,124.011,0.999,-1,-1,-1
15,1,1875.965,686.968,41.905,104.128,0.999,-1,-1,-1
15,11,1813.854,557.285,36.902,56.394,0.056,-1,-1,-1
15,13,916.149,520.560,65.058,44.399,0.010,-1,-1,-1
16,7,3.353,630.900,423.020,239.372,1.000,-1,-1,-1
16,12,669.805,500.650,129.546,89.821,0.979,-1,-1,-1
16,3,1501.025,626.341,32.273,73.334,0.976,-1,-1,-1
16,11,1704.805,552.052,30.945,62.875,0.217,-1,-1,-1
16,8,1339.926,557.372,29.067,58.310,0.153,-1,-1,-1
16,6,1649.893,577.713,29.482,64.730,0.014,-1,-1,-1
17,12,558.660,481.393,189.672,133.041,0.999,-1,-1,-1
17,11,1840.144,557.246,41.251,54.337,0.141,-1,-1,-1
17,13,914.066,521.033,68.817,44.081,0.051,-1,-1,-1
18,12,615.579,489.029,153.255,114.581,1.000,-1,-1,-1
18,3,1742.142,664.230,53.249,95.483,0.999,-1,-1,-1
18,7,0.000,685.840,158.543,212.132,0.998,-1,-1,-1
18,8,1376.260,566.504,30.879,58.972,0.366,-1,-1,-1
18,13,915.178,520.308,63.237,44.393,0.019,-1,-1,-1
18,1,1888.315,608.963,30.034,149.014,0.012,-1,-1,-1
18,10,1742.320,659.189,47.349,86.300,0.012,-1,-1,-1
