1,0,1314.790,729.447,591.911,348.002,1.000,-1,-1,-1
1,1,1603.563,565.764,60.476,106.563,1.000,-1,-1,-1
1,2,109.040,623.378,106.831,169.313,0.999,-1,-1,-1
1,3,914.905,660.800,102.409,263.226,0.938,-1,-1,-1
1,4,913.809,733.183,102.165,233.165,0.828,-1,-1,-1
1,5,916.068,642.320,112.170,313.581,0.682,-1,-1,-1
1,6,912.992,718.003,114.036,239.178,0.035,-1,-1,-1
1,7,925.425,767.057,58.066,181.283,0.024,-1,-1,-1
1,8,112.458,626.641,34.684,88.380,0.012,-1,-1,-1
1,9,108.412,618.878,105.285,165.679,0.012,-1,-1,-1
2,0,1189.854,642.284,423.055,227.072,1.000,-1,-1,-1
2,1,1559.214,564.203,40.537,93.401,0.998,-1,-1,-1
2,3,934.219,608.723,55.168,154.384,0.971,-1,-1,-1
2,9,555.927,571.097,33.335,81.857,0.793,-1,-1,-1
2,4,942.226,658.411,45.812,122.151,0.358,-1,-1,-1
2,2,557.449,571.840,33.626,81.053,0.232,-1,-1,-1
2,5,934.094,606.743,59.361,169.464,0.110,-1,-1,-1
3,0,1161.796,626.616,314.125,176.089,1.000,-1,-1,-1
3,1,1528.478,556.711,36.775,92.931,0.998,-1,-1,-1
3,3,938.289,600.221,43.201,130.430,0.992,-1,-1,-1
3,8,0.438,564.963,34.504,97.997,0.946,-1,-1,-1
3,9,611.749,566.477,28.750,69.055,0.598,-1,-1,-1
3,2,610.412,566.790,30.401,65.105,0.381,-1,-1,-1
4,0,1384.868,778.016,534.969,299.692,1.000,-1,-1,-1
4,1,1632.469,568.830,41.088,112.802,0.998,-1,-1,-1
4,3,901.200,681.390,112.117,316.215,0.994,-1,-1,-1
4,7,912.335,805.402,106.432,212.982,0.824,-1,-1,-1
4,6,931.734,854.606,105.473,191.706,0.594,-1,-1,-1
4,5,903.672,658.447,121.973,367.601,0.140,-1,-1,-1
4,6,903.004,728.108,132.612,340.622,0.023,-1,-1,-1
5,0,1111.663,600.710,184.547,114.749,1.000,-1,-1,-1
5,8,1851.143,573.003,68.857,161.256,0.999,-1,-1,-1
5,1,1452.011,559.861,34.600,76.518,0.996,-1,-1,-1
5,2,940.621,579.806,35.738,99.861,0.950,-1,-1,-1
5,9,679.006,563.896,24.189,52.349,0.157,-1,-1,-1
5,6,1816.351,595.949,103.649,156.139,0.049,-1,-1,-1
5,3,1848.222,571.521,71.325,170.886,0.018,-1,-1,-1
5,10,1839.409,582.932,80.591,160.177,0.016,-1,-1,-1
6,0,1094.548,594.133,174.775,108.997,1.000,-1,-1,-1
6,2,943.734,576.437,36.512,91.331,0.999,-1,-1,-1
6,9,263.668,554.676,31.546,73.600,0.888,-1,-1,-1
6,1,1436.317,559.618,27.873,72.135,0.843,-1,-1,-1
6,8,1797.196,595.353,44.142,109.576,0.605,-1,-1,-1
6,6,1720.497,632.005,151.771,120.807,0.037,-1,-1,-1
7,0,1354.404,748.995,559.042,327.642,1.000,-1,-1,-1
7,1,1617.410,567.164,51.613,110.583,1.000,-1,-1,-1
7,2,3.066,640.103,77.763,205.344,0.998,-1,-1,-1
7,2,910.524,665.454,104.379,319.005,0.966,-1,-1,-1
7,7,917.012,765.363,103.708,208.073,0.733,-1,-1,-1
7,6,0.000,668.749,124.774,187.281,0.314,-1,-1,-1
7,5,913.545,672.791,119.662,327.198,0.126,-1,-1,-1
7,4,924.485,851.923,59.675,143.057,0.083,-1,-1,-1
7,5,1.456,641.338,108.436,260.378,0.012,-1,-1,-1
7,11,0.670,710.193,79.629,137.146,0.012,-1,-1,-1
8,0,1257.533,684.421,657.663,381.027,1.000,-1,-1,-1
8,1,1597.119,564.696,43.360,99.939,0.997,-1,-1,-1
8,2,924.039,634.946,74.795,188.866,0.951,-1,-1,-1
8,7,928.667,692.118,78.587,176.474,0.739,-1,-1,-1
8,5,388.753,593.118,52.958,97.551,0.150,-1,-1,-1
8,9,489.930,516.370,28.572,72.500,0.052,-1,-1,-1
9,0,1174.008,634.872,369.496,195.605,1.000,-1,-1,-1
9,1,1543.048,560.511,43.982,93.909,0.999,-1,-1,-1
9,2,933.795,601.414,51.296,140.807,0.986,-1,-1,-1
9,5,585.549,571.656,32.463,76.764,0.984,-1,-1,-1
9,7,944.036,654.772,38.966,115.152,0.960,-1,-1,-1
10,0,1281.228,701.920,629.542,373.195,1.000,-1,-1,-1
10,1,1606.859,568.236,38.277,101.509,0.998,-1,-1,-1
10,2,922.224,646.411,86.247,215.568,0.993,-1,-1,-1
10,7,912.050,720.026,108.705,174.586,0.862,-1,-1,-1
10,7,933.007,743.630,57.987,153.586,0.450,-1,-1,-1
11,0,1114.897,606.570,213.004,127.374,1.000,-1,-1,-1
11,2,940.396,587.694,37.594,102.883,0.998,-1,-1,-1
11,9,167.794,556.063,38.250,84.331,0.997,-1,-1,-1
11,1,1468.271,557.833,37.707,81.441,0.994,-1,-1,-1
11,5,669.981,563.922,21.914,58.917,0.154,-1,-1,-1
11,12,127.858,552.402,59.984,56.642,0.045,-1,-1,-1
11,8,152.264,560.663,38.501,81.543,0.044,-1,-1,-1
12,0,1282.385,716.864,637.615,358.894,1.000,-1,-1,-1
12,1,1601.557,566.027,47.131,107.096,0.994,-1,-1,-1
12,2,915.583,650.648,92.367,228.408,0.985,-1,-1,-1
12,7,911.202,725.824,111.311,196.583,0.696,-1,-1,-1
12,7,929.573,749.514,51.939,163.083,0.024,-1,-1,-1
13,0,1131.049,615.363,242.304,139.144,1.000,-1,-1,-1
13,9,110.192,559.967,44.014,91.541,0.999,-1,-1,-1
13,1,1487.788,561.466,39.503,81.383,0.996,-1,-1,-1
13,2,938.821,595.231,38.671,109.014,0.983,-1,-1,-1
13,5,653.729,562.662,24.706,61.742,0.501,-1,-1,-1
13,12,1811.245,541.759,107.962,136.876,0.045,-1,-1,-1
13,13,97.615,569.039,57.023,53.870,0.012,-1,-1,-1
14,0,1206.401,657.988,479.817,245.326,1.000,-1,-1,-1
14,1,1566.996,559.469,48.082,94.872,0.998,-1,-1,-1
14,2,930.052,614.921,59.398,165.404,0.993,-1,-1,-1
14,7,935.233,670.957,57.618,108.773,0.790,-1,-1,-1
15,0,1139.514,620.768,276.990,156.803,1.000,-1,-1,-1
15,9,47.516,563.350,49.102,87.706,0.997,-1,-1,-1
15,1,1511.316,561.509,35.303,83.479,0.996,-1,-1,-1
15,5,633.060,567.339,25.540,65.626,0.814,-1,-1,-1
15,2,942.580,595.958,35.925,126.086,0.607,-1,-1,-1
15,8,70.645,563.763,37.449,83.740,0.016,-1,-1,-1
16,0,1232.905,671.904,655.501,327.012,1.000,-1,-1,-1
16,1,1594.583,563.577,35.738,100.983,0.993,-1,-1,-1
16,2,928.834,626.528,66.434,188.551,0.988,-1,-1,-1
16,7,931.126,698.101,65.197,105.375,0.767,-1,-1,-1
17,0,1213.109,660.516,569.827,296.435,1.000,-1,-1,-1
17,1,1578.097,562.469,44.036,99.043,0.998,-1,-1,-1
17,2,929.092,624.259,62.947,169.460,0.994,-1,-1,-1
17,7,932.830,675.064,70.678,154.465,0.943,-1,-1,-1
17,4,484.572,602.977,48.299,83.471,0.127,-1,-1,-1
17,5,487.481,580.855,39.381,83.853,0.041,-1,-1,-1
18,0,1087.315,588.369,159.250,102.634,1.000,-1,-1,-1
18,4,945.875,579.925,34.085,82.485,0.998,-1,-1,-1
18,8,298.695,555.574,37.118,72.739,0.986,-1,-1,-1
18,1,1416.531,562.670,29.115,65.143,0.967,-1,-1,-1
18,12,0.578,676.465,45.905,175.195,0.954,-1,-1,-1
18,5,687.438,557.784,21.970,51.496,0.019,-1,-1,-1
18,10,0.000,674.978,52.197,168.522,0.017,-1,-1,-1
18,4,943.562,588.306,34.771,81.864,0.015,-1,-1,-1
18,11,0.000,681.155,56.283,165.237,0.012,-1,-1,-1
